562218
562218
562218
562290
562290
562290
562422
562422
562422
562423
562423
562423
562424
562424
562424
562426
562426
562426
562427
562427
562427
562428
562428
562428
562432
562432
562432
562433
562433
562433
562434
562434
562434
562435
562435
562435
562436
562436
562436
562437
562437
562437
562438
562438
562438
562439
562439
562439
562489
562489
562489
562490
562490
562490
562491
562491
562491
562492
562492
562492
562494
562494
562494
562495
562495
562495
562498
562498
562498
562499
562499
562499
562570
562570
562570
562590
562590
562590
562591
562591
562591
562595
562595
562595
562597
562597
562597
562599
562599
562599
562621
562621
562621
562624
562624
562624
562628
562628
562628
562728
562728
562728
562856
562856
562856
562901
562901
562901
562930
562930
562930
562933
562933
562933
562951
562951
562951
562961
562961
562961
562980
562980
562980
562981
562981
562981
562983
562983
562983
562984
562984
562984
562985
562985
562985
562986
562986
562986
562987
562987
562987
562988
562988
562988
562989
562989
562989
562997
562997
562997
562218
562218
562218
562290
562290
562290
562422
562422
562422
562423
562423
562423
562424
562424
562424
562426
562426
562426
562427
562427
562427
562428
562428
562428
562432
562432
562432
562433
562433
562433
562434
562434
562434
562435
562435
562435
562436
562436
562436
562437
562437
562437
562438
562438
562438
562439
562439
562439
562489
562489
562489
562490
562490
562490
562491
562491
562491
562492
562492
562492
562494
562494
562494
562495
562495
562495
562498
562498
562498
562499
562499
562499
562570
562570
562570
562590
562590
562590
562591
562591
562591
562595
562595
562595
562597
562597
562597
562599
562599
562599
562621
562621
562621
562624
562624
562624
562628
562628
562628
562728
562728
562728
562856
562856
562856
562901
562901
562901
562930
562930
562930
562933
562933
562933
562951
562951
562951
562961
562961
562961
562980
562980
562980
562981
562981
562981
562983
562983
562983
562984
562984
562984
562985
562985
562985
562986
562986
562986
562987
562987
562987
562988
562988
562988
562989
562989
562989
562997
562997
562997
