424203
424203
424203
323214
323214
323214
310218
310218
310218
424254
424254
424254
714274
714274
714274
562319
562319
562319
562473
562473
562473
310602
310602
310602
714677
714677
714677
310697
310697
310697
562733
562733
562733
562740
562740
562740
562741
562741
562741
562742
562742
562742
424203
424203
424203
323214
323214
323214
310218
310218
310218
424254
424254
424254
714274
714274
714274
562319
562319
562319
562473
562473
562473
310602
310602
310602
714677
714677
714677
310697
310697
310697
562733
562733
562733
562740
562740
562740
562741
562741
562741
562742
562742
562742
